JD_12535354,2021-02-28,0,0,0,0,0,0,0
JD_12535338,2021-02-28,0,0,0,0,0,0,0
JD_12535317,2021-02-28,0,0,0,0,0,0,0
JD_12535312,2021-02-28,0,0,0,0,0,0,0
JD_12535283,2021-02-28,0,0,0,0,0,0,0
JD_12535251,2021-02-28,0,0,0,0,0,0,0
JD_12535242,2021-02-28,0,0,0,0,0,0,0
JD_12535226,2021-02-28,0,0,0,0,0,0,0
JD_12535211,2021-02-28,0,0,0,0,0,0,0
JD_12535166,2021-02-28,0,0,0,0,0,0,0
JD_12535156,2021-02-28,0,0,0,0,0,0,0
JD_12535152,2021-02-28,0,0,0,0,0,0,0
JD_12535150,2021-02-28,0,0,0,0,0,0,0
JD_12535123,2021-02-28,0,0,0,0,0,0,0
JD_12535071,2021-02-28,0,0,0,0,0,0,0
JD_12535066,2021-02-28,0,0,0,0,0,0,0
JD_12535060,2021-02-28,0,0,0,0,0,0,0
JD_12535059,2021-02-28,0,0,0,0,0,0,0
JD_12535053,2021-02-28,0,0,0,0,0,0,0
JD_12535002,2021-02-28,0,0,0,0,0,0,0
JD_12534984,2021-02-28,0,0,0,0,0,0,0
JD_12534977,2021-02-28,0,0,0,0,0,0,0
JD_12534953,2021-02-28,0,0,0,0,0,0,0
JD_12534919,2021-02-28,0,0,0,0,0,0,0
JD_12534803,2021-02-28,6,5,1,0,0,0,0
JD_12534801,2021-02-28,14,11,3,0,0,0,0
JD_12534800,2021-02-28,200,100,40,0,0,0,1
JD_12534799,2021-02-28,0,0,0,0,0,0,0
JD_12534798,2021-02-28,16,14,3,0,0,0,0
JD_12534797,2021-02-28,11,10,1,0,0,0,0
JD_12534795,2021-02-28,1,1,0,0,0,0,0
JD_12534787,2021-02-28,79,62,16,1,0,1,0
JD_12534782,2021-02-28,100,100,29,0,0,0,0
JD_12534780,2021-02-28,6,6,0,0,0,0,0
JD_12534778,2021-02-28,26,23,7,0,0,0,0
JD_12534775,2021-02-28,4000,4000,500,0,2,2,4
JD_12534773,2021-02-28,9,9,0,0,0,0,0
JD_12534771,2021-02-28,6,6,0,0,0,0,0
JD_12534745,2021-02-28,0,0,0,0,0,0,0
JD_12534699,2021-02-28,1000,1000,100,0,0,1,2
JD_12534697,2021-02-28,300,200,65,0,0,0,0
JD_12534693,2021-02-28,100,100,20,1,0,0,1
JD_12534689,2021-02-28,200,200,36,0,0,0,0
JD_12534688,2021-02-28,26,24,2,0,0,0,0
JD_12534687,2021-02-28,0,0,0,0,0,0,0
JD_12534686,2021-02-28,32,30,2,0,0,0,0
JD_12534685,2021-02-28,3,1,2,0,0,0,0
JD_12534683,2021-02-28,1000,1000,100,3,0,1,0
JD_12534681,2021-02-28,200,100,32,0,0,0,0
JD_12534679,2021-02-28,200,100,45,0,0,0,0
JD_12534639,2021-02-28,0,0,0,0,0,0,0
JD_12534633,2021-02-28,0,0,0,0,0,0,0
JD_12534631,2021-02-28,0,0,0,0,0,0,0
JD_12534567,2021-02-28,0,0,0,0,0,0,0
JD_12534565,2021-02-28,0,0,0,0,0,0,0
JD_12534563,2021-02-28,0,0,0,0,0,0,0
JD_12534544,2021-02-28,0,0,0,0,0,0,0
JD_12534487,2021-02-28,0,0,0,0,0,0,0
JD_12534379,2021-02-28,0,0,0,0,0,0,0
JD_12534327,2021-02-28,0,0,0,0,0,0,0
JD_12534325,2021-02-28,0,0,0,0,0,0,0
JD_12534321,2021-02-28,0,0,0,0,0,0,0
JD_12534288,2021-02-28,0,0,0,0,0,0,0
JD_12534269,2021-02-28,1,1,0,0,0,0,0
JD_12534259,2021-02-28,0,0,0,0,0,0,0
JD_12534239,2021-02-28,0,0,0,0,0,0,0
JD_12534208,2021-02-28,0,0,0,0,0,0,0
JD_12534206,2021-02-28,0,0,0,0,0,0,0
JD_12534205,2021-02-28,0,0,0,0,0,0,0
JD_12534204,2021-02-28,0,0,0,0,0,0,0
