JD_12727207,2021-02-28,1,1,0,0,0,0,0
JD_12727200,2021-02-28,0,0,0,0,0,0,0
JD_12727199,2021-02-28,0,0,0,0,0,0,0
JD_12727197,2021-02-28,0,0,0,0,0,0,0
JD_12727189,2021-02-28,0,0,0,0,0,0,0
JD_12727186,2021-02-28,0,0,0,0,0,0,0
JD_12727185,2021-02-28,0,0,0,0,0,0,0
JD_12727165,2021-02-28,0,0,0,0,0,0,0
JD_12727161,2021-02-28,0,0,0,0,0,0,0
JD_12727151,2021-02-28,0,0,0,0,0,0,0
JD_12727145,2021-02-28,0,0,0,0,0,0,0
JD_12727133,2021-02-28,0,0,0,0,0,0,0
JD_12727129,2021-02-28,0,0,0,0,0,0,0
JD_12727083,2021-02-28,0,0,0,0,0,0,0
JD_12727061,2021-02-28,0,0,0,0,0,0,0
JD_12727049,2021-02-28,0,0,0,0,0,0,0
JD_12727037,2021-02-28,0,0,0,0,0,0,0
JD_12727016,2021-02-28,0,0,0,0,0,0,0
JD_12727014,2021-02-28,0,0,0,0,0,0,0
JD_12727006,2021-02-28,0,0,0,0,0,0,0
JD_12726996,2021-02-28,0,0,0,0,0,0,0
JD_12726974,2021-02-28,0,0,0,0,0,0,0
JD_12726965,2021-02-28,0,0,0,0,0,0,0
JD_12726963,2021-02-28,0,0,0,0,0,0,0
JD_12726960,2021-02-28,0,0,0,0,0,0,0
JD_12726957,2021-02-28,0,0,0,0,0,0,0
JD_12726956,2021-02-28,0,0,0,0,0,0,0
JD_12726949,2021-02-28,0,0,0,0,0,0,0
JD_12726923,2021-02-28,0,0,0,0,0,0,0
JD_12726921,2021-02-28,0,0,0,0,0,0,0
JD_12726911,2021-02-28,0,0,0,0,0,0,0
JD_12726907,2021-02-28,0,0,0,0,0,0,0
JD_12726902,2021-02-28,0,0,0,0,0,0,0
JD_12726894,2021-02-28,0,0,0,0,0,0,0
JD_12726869,2021-02-28,0,0,0,0,0,0,0
JD_12726867,2021-02-28,0,0,0,0,0,0,0
JD_12726865,2021-02-28,0,0,0,0,0,0,0
JD_12726855,2021-02-28,0,0,0,0,0,0,0
JD_12726836,2021-02-28,0,0,0,0,0,0,0
JD_12726832,2021-02-28,0,0,0,0,0,0,0
JD_12726821,2021-02-28,0,0,0,0,0,0,0
JD_12726819,2021-02-28,0,0,0,0,0,0,0
JD_12726805,2021-02-28,0,0,0,0,0,0,0
JD_12726788,2021-02-28,0,0,0,0,0,0,0
JD_12726749,2021-02-2885,0,0,0,0,0,0,0
JD_12726381,2021-02-28,0,0,0,0,0,0,0
JD_12726371,2021-02-28,0,0,0,0,0,0,0
JD_12726363,2021-02-28,0,0,0,0,0,0,0
JD_12726359,2021-02-28,0,0,0,0,0,0,0
JD_12726357,2021-02-28,0,0,0,0,0,0,0
JD_12726351,2021-02-28,0,0,0,0,0,0,0
JD_12726349,2021-02-28,0,0,0,0,0,0,0
JD_12726347,2021-02-28,0,0,0,0,0,0,0
JD_12726341,2021-02-28,0,0,0,0,0,0,0
JD_12726333,2021-02-28,0,0,0,0,0,0,0
JD_12726319,2021-02-28,0,0,0,0,0,0,0
JD_12726315,2021-02-28,0,0,0,0,0,0,0
JD_12726311,2021-02-28,0,0,0,0,0,0,0
JD_12726309,2021-02-28,0,0,0,0,0,0,0
JD_12726303,2021-02-28,0,0,0,0,0,0,0
JD_12726287,2021-02-28,0,0,0,0,0,0,0
JD_12726283,2021-02-28,0,0,0,0,0,0,0
JD_12726271,2021-02-28,0,0,0,0,0,0,0
JD_12726267,2021-02-28,0,0,0,0,0,0,0
JD_12726265,2021-02-28,0,0,0,0,0,0,0
JD_12726263,2021-02-28,0,0,0,0,0,0,0
JD_12726257,2021-02-28,0,0,0,0,0,0,0
JD_12726255,2021-02-28,0,0,0,0,0,0,0
JD_12726253,2021-02-28,0,0,0,0,0,0,0
JD_12726237,2021-02-28,0,0,0,0,0,0,0
