JD_12561267,2021-02-28,0,0,0,0,0,0,0
JD_12561259,2021-02-28,0,0,0,0,0,0,0
JD_12561209,2021-02-28,0,0,0,0,0,0,0
JD_12561205,2021-02-28,0,0,0,0,0,0,0
JD_12561194,2021-02-28,0,0,0,0,0,0,0
JD_12561133,2021-02-28,0,0,0,0,0,0,0
JD_12561064,2021-02-28,0,0,0,0,0,0,0
JD_12560894,2021-02-28,0,0,0,0,0,0,0
JD_12560697,2021-02-28,0,0,0,0,0,0,0
JD_12560685,2021-02-28,0,0,0,0,0,0,0
JD_12560624,2021-02-28,0,0,0,0,0,0,0
JD_12560479,2021-02-28,0,0,0,0,0,0,0
JD_12560429,2021-02-28,0,0,0,0,0,0,0
JD_12560417,2021-02-28,0,0,0,0,0,0,0
JD_12560349,2021-02-28,0,0,0,0,0,0,0
JD_12560325,2021-02-28,0,0,0,0,0,0,0
JD_12560262,2021-02-28,0,0,0,0,0,0,0
JD_12560204,2021-02-28,0,0,0,0,0,0,0
JD_12560179,2021-02-28,0,0,0,0,0,0,0
JD_12560083,2021-02-28,0,0,0,0,0,0,0
JD_12560079,2021-02-28,0,0,0,0,0,0,0
JD_12560064,2021-02-28,0,0,0,0,0,0,0
JD_12559999,2021-02-28,0,0,0,0,0,0,0
JD_12559991,2021-02-28,0,0,0,0,0,0,0
JD_12559966,2021-02-28,0,0,0,0,0,0,0
JD_12559960,2021-02-28,0,0,0,0,0,0,0
JD_12559955,2021-02-28,0,0,0,0,0,0,0
JD_12559941,2021-02-28,0,0,0,0,0,0,0
JD_12559933,2021-02-28,0,0,0,0,0,0,0
JD_12559931,2021-02-28,0,0,0,0,0,0,0
JD_12559907,2021-02-28,0,0,0,0,0,0,0
JD_12559897,2021-02-28,0,0,0,0,0,0,0
JD_12559871,2021-02-28,0,0,0,0,0,0,0
JD_12552256,2021-02-28,0,0,0,0,0,0,0
JD_12552232,2021-02-28,0,0,0,0,0,0,0
JD_12552063,2021-02-28,0,0,0,0,0,0,0
