JD_12756949,2021-02-28,0,0,0,0,0,0,0
JD_12756947,2021-02-28,0,0,0,0,0,0,0
JD_12756945,2021-02-28,0,0,0,0,0,0,0
JD_12756943,2021-02-28,0,0,0,0,0,0,0
JD_12756941,2021-02-28,0,0,0,0,0,0,0
JD_12756937,2021-02-28,0,0,0,0,0,0,0
JD_12756936,2021-02-28,0,0,0,0,0,0,0
JD_12756935,2021-02-28,0,0,0,0,0,0,0
JD_12756931,2021-02-28,0,0,0,0,0,0,0
JD_12756927,2021-02-28,0,0,0,0,0,0,0
JD_12756924,2021-02-28,0,0,0,0,0,0,0
JD_12756923,2021-02-28,1,1,0,0,0,0,0
JD_12756921,2021-02-28,0,0,0,0,0,0,0
JD_12756919,2021-02-28,0,0,0,0,0,0,0
JD_12756917,2021-02-28,0,0,0,0,0,0,0
JD_12756902,2021-02-28,0,0,0,0,0,0,0
JD_12756899,2021-02-28,0,0,0,0,0,0,0
JD_12756897,2021-02-28,0,0,0,0,0,0,0
JD_12756895,2021-02-28,0,0,0,0,0,0,0
JD_12756889,2021-02-28,0,0,0,0,0,0,0
JD_12756885,2021-02-28,0,0,0,0,0,0,0
JD_12756883,2021-02-28,0,0,0,0,0,0,0
JD_12756878,2021-02-28,0,0,0,0,0,0,0
JD_12756877,2021-02-28,0,0,0,0,0,0,0
JD_12756873,2021-02-28,0,0,0,0,0,0,0
JD_12756872,2021-02-28,0,0,0,0,0,0,0
JD_12756871,2021-02-28,0,0,0,0,0,0,0
JD_12756849,2021-02-28,0,0,0,0,0,0,0
JD_12756847,2021-02-28,0,0,0,0,0,0,0
JD_12756846,2021-02-28,0,0,0,0,0,0,0
JD_12756845,2021-02-28,0,0,0,0,0,0,0
JD_12756843,2021-02-28,0,0,0,0,0,0,0
JD_12756841,2021-02-28,0,0,0,0,0,0,0
JD_12756839,2021-02-28,1,1,0,0,0,0,0
JD_12756837,2021-02-28,0,0,0,0,0,0,0
JD_12756834,2021-02-28,0,0,0,0,0,0,0
JD_12756826,2021-02-28,0,0,0,0,0,0,0
JD_12756825,2021-02-28,0,0,0,0,0,0,0
JD_12756823,2021-02-28,0,0,0,0,0,0,0
JD_12756819,2021-02-28,0,0,0,0,0,0,0
JD_12756802,2021-02-28,0,0,0,0,0,0,0
JD_12756800,2021-02-28,0,0,0,0,0,0,0
JD_12756797,2021-02-28,0,0,0,0,0,0,0
JD_12756793,2021-02-28,0,0,0,0,0,0,0
JD_12756787,2021-02-28,0,0,0,0,0,0,0
JD_12756785,2021-02-28,0,0,0,0,0,0,0
JD_12756784,2021-02-28,0,0,0,0,0,0,0
JD_12756783,2021-02-28,0,0,0,0,0,0,0
JD_12756781,2021-02-28,0,0,0,0,0,0,0
JD_12756780,2021-02-28,0,0,0,0,0,0,0
JD_12756778,2021-02-28,0,0,0,0,0,0,0
JD_12756774,2021-02-28,0,0,0,0,0,0,0
JD_12756771,2021-02-28,0,0,0,0,0,0,0
JD_12756769,2021-02-28,0,0,0,0,0,0,0
JD_12756767,2021-02-28,0,0,0,0,0,0,0
JD_12756760,2021-02-28,0,0,0,0,0,0,0
JD_12756759,2021-02-28,0,0,0,0,0,0,0
JD_12756757,2021-02-28,0,0,0,0,0,0,0
JD_12756751,2021-02-28,0,0,0,0,0,0,0
JD_12756739,2021-02-28,0,0,0,0,0,0,0
JD_12756730,2021-02-28,0,0,0,0,0,0,0
JD_12756727,2021-02-28,0,0,0,0,0,0,0
JD_12756726,2021-02-28,0,0,0,0,0,0,0
JD_12756723,2021-02-28,0,0,0,0,0,0,0
JD_12756722,2021-02-28,0,0,0,0,0,0,0
JD_12756715,2021-02-28,0,0,0,0,0,0,0
JD_12756713,2021-02-28,1,1,0,0,0,0,0
JD_12756703,2021-02-28,0,0,0,0,0,0,0
JD_12756701,2021-02-28,0,0,0,0,0,0,0
JD_12756700,2021-02-28,0,0,0,0,0,0,0
