JD_12662373,2021-02-28,0,0,0,0,0,0,0
JD_12662345,2021-02-28,0,0,0,0,0,0,0
JD_12662336,2021-02-28,0,0,0,0,0,0,0
JD_12662315,2021-02-28,0,0,0,0,0,0,0
JD_12662291,2021-02-28,0,0,0,0,0,0,0
JD_12662283,2021-02-28,0,0,0,0,0,0,0
JD_12662277,2021-02-28,0,0,0,0,0,0,0
JD_12662272,2021-02-28,0,0,0,0,0,0,0
JD_12662267,2021-02-28,0,0,0,0,0,0,0
JD_12662243,2021-02-28,0,0,0,0,0,0,0
JD_12662234,2021-02-28,0,0,0,0,0,0,0
JD_12662175,2021-02-28,0,0,0,0,0,0,0
JD_12662159,2021-02-28,0,0,0,0,0,0,0
JD_12662118,2021-02-28,0,0,0,0,0,0,0
JD_12662091,2021-02-28,0,0,0,0,0,0,0
JD_12661954,2021-02-28,0,0,0,0,0,0,0
JD_12661950,2021-02-28,0,0,0,0,0,0,0
JD_12661906,2021-02-28,0,0,0,0,0,0,0
JD_12661875,2021-02-28,0,0,0,0,0,0,0
JD_12661870,2021-02-28,0,0,0,0,0,0,0
JD_12661786,2021-02-28,0,0,0,0,0,0,0
JD_12661776,2021-02-28,0,0,0,0,0,0,0
JD_12661730,2021-02-28,0,0,0,0,0,0,0
JD_12661671,2021-02-28,0,0,0,0,0,0,0
JD_12661639,2021-02-28,0,0,0,0,0,0,0
JD_12661541,2021-02-28,0,0,0,0,0,0,0
JD_12661527,2021-02-28,0,0,0,0,0,0,0
