JD_12746603,2021-02-28,0,0,0,0,0,0,0
JD_12746601,2021-02-28,0,0,0,0,0,0,0
JD_12746505,2021-02-28,0,0,0,0,0,0,0
JD_12746502,2021-02-28,0,0,0,0,0,0,0
JD_12746491,2021-02-28,0,0,0,0,0,0,0
JD_12746488,2021-02-28,0,0,0,0,0,0,0
JD_12746486,2021-02-28,0,0,0,0,0,0,0
JD_12746483,2021-02-28,0,0,0,0,0,0,0
JD_12746481,2021-02-28,0,0,0,0,0,0,0
JD_12746477,2021-02-28,0,0,0,0,0,0,0
JD_12746476,2021-02-28,0,0,0,0,0,0,0
JD_12746470,2021-02-28,0,0,0,0,0,0,0
JD_12746465,2021-02-28,0,0,0,0,0,0,0
JD_12746460,2021-02-28,0,0,0,0,0,0,0
JD_12746456,2021-02-28,0,0,0,0,0,0,0
JD_12746454,2021-02-28,0,0,0,0,0,0,0
JD_12746453,2021-02-28,0,0,0,0,0,0,0
JD_12746452,2021-02-28,0,0,0,0,0,0,0
JD_12746449,2021-02-28,0,0,0,0,0,0,0
JD_12746445,2021-02-28,0,0,0,0,0,0,0
JD_12746443,2021-02-28,0,0,0,0,0,0,0
JD_12746440,2021-02-28,0,0,0,0,0,0,0
JD_12746439,2021-02-28,0,0,0,0,0,0,0
JD_12746421,2021-02-28,0,0,0,0,0,0,0
JD_12746417,2021-02-28,0,0,0,0,0,0,0
JD_12746413,2021-02-28,0,0,0,0,0,0,0
JD_12746411,2021-02-28,0,0,0,0,0,0,0
JD_12746408,2021-02-28,0,0,0,0,0,0,0
JD_12746399,2021-02-28,0,0,0,0,0,0,0
JD_12746385,2021-02-28,0,0,0,0,0,0,0
JD_12746377,2021-02-28,0,0,0,0,0,0,0
JD_12746375,2021-02-28,0,0,0,0,0,0,0
JD_12746357,2021-02-28,0,0,0,0,0,0,0
JD_12746327,2021-02-28,0,0,0,0,0,0,0
JD_12746311,2021-02-28,0,0,0,0,0,0,0
JD_12746294,2021-02-28,0,0,0,0,0,0,0
JD_12746291,2021-02-28,0,0,0,0,0,0,0
JD_12746285,2021-02-28,0,0,0,0,0,0,0
JD_12746272,2021-02-28,0,0,0,0,0,0,0
JD_12746268,2021-02-28,0,0,0,0,0,0,0
JD_12746251,2021-02-28,1,1,0,0,0,0,0
JD_12746244,2021-02-28,0,0,0,0,0,0,0
JD_12746242,2021-02-28,0,0,0,0,0,0,0
JD_12746239,2021-02-28,0,0,0,0,0,0,0
JD_12746238,2021-02-28,0,0,0,0,0,0,0
JD_12746236,2021-02-28,0,0,0,0,0,0,0
JD_12746234,2021-02-28,0,0,0,0,0,0,0
JD_12746229,2021-02-28,0,0,0,0,0,0,0
JD_12746225,2021-02-28,0,0,0,0,0,0,0
JD_12746209,2021-02-28,0,0,0,0,0,0,0
JD_12746159,2021-02-28,0,0,0,0,0,0,0
JD_12746129,2021-02-28,0,0,0,0,0,0,0
JD_12746126,2021-02-28,0,0,0,0,0,0,0
JD_12746125,2021-02-28,0,0,0,0,0,0,0
JD_12746123,2021-02-28,0,0,0,0,0,0,0
JD_12746108,2021-02-28,0,0,0,0,0,0,0
JD_12746103,2021-02-28,0,0,0,0,0,0,0
JD_12746102,2021-02-28,0,0,0,0,0,0,0
JD_12746095,2021-02-28,0,0,0,0,0,0,0
JD_12746092,2021-02-28,0,0,0,0,0,0,0
JD_12746089,2021-02-28,0,0,0,0,0,0,0
JD_12746076,2021-02-28,0,0,0,0,0,0,0
JD_12746067,2021-02-28,0,0,0,0,0,0,0
JD_12746060,2021-02-28,0,0,0,0,0,0,0
JD_12746055,2021-02-28,0,0,0,0,0,0,0
JD_12746054,2021-02-28,0,0,0,0,0,0,0
JD_12746052,2021-02-28,0,0,0,0,0,0,0
JD_12746050,2021-02-28,0,0,0,0,0,0,0
JD_12746046,2021-02-28,0,0,0,0,0,0,0
JD_12746039,2021-02-28,0,0,0,0,0,0,0
