JD_12727207,2021-02-28,1,1,0,0,0,0,0
JD_12727200,2021-02-28,0,0,0,0,0,0,0
JD_12727199,2021-02-28,0,0,0,0,0,0,0
JD_12727197,2021-02-28,0,0,0,0,0,0,0
JD_12727189,2021-02-28,0,0,0,0,0,0,0
JD_12727186,2021-02-28,0,0,0,0,0,0,0
JD_12727185,2021-02-28,0,0,0,0,0,0,0
JD_12727165,2021-02-28,0,0,0,0,0,0,0
JD_12727161,2021-02-28,0,0,0,0,0,0,0
JD_12727151,2021-02-28,0,0,0,0,0,0,0
JD_12727145,2021-02-28,0,0,0,0,0,0,0
JD_12727133,2021-02-28,0,0,0,0,0,0,0
JD_12727129,2021-02-28,0,0,0,0,0,0,0
JD_12727083,2021-02-28,0,0,0,0,0,0,0
JD_12727061,2021-02-28,0,0,0,0,0,0,0
JD_12727049,2021-02-28,0,0,0,0,0,0,0
JD_12727037,2021-02-28,0,0,0,0,0,0,0
JD_12727016,2021-02-28,0,0,0,0,0,0,0
JD_12727014,2021-02-28,0,0,0,0,0,0,0
JD_12727006,2021-02-28,0,0,0,0,0,0,0
JD_12726996,2021-02-28,0,0,0,0,0,0,0
JD_12726974,2021-02-28,0,0,0,0,0,0,0
JD_12726965,2021-02-28,0,0,0,0,0,0,0
JD_12726963,2021-02-28,0,0,0,0,0,0,0
JD_12726960,2021-02-28,0,0,0,0,0,0,0
JD_12726957,2021-02-28,0,0,0,0,0,0,0
JD_12726956,2021-02-28,0,0,0,0,0,0,0
JD_12726949,2021-02-28,0,0,0,0,0,0,0
JD_12726923,2021-02-28,0,0,0,0,0,0,0
JD_12726921,2021-02-28,0,0,0,0,0,0,0
JD_12726911,2021-02-28,0,0,0,0,0,0,0
JD_12726907,2021-02-28,0,0,0,0,0,0,0
JD_12726902,2021-02-28,0,0,0,0,0,0,0
JD_12726894,2021-02-28,0,0,0,0,0,0,0
JD_12726869,2021-02-28,0,0,0,0,0,0,0
JD_12726867,2021-02-28,0,0,0,0,0,0,0
JD_12726865,2021-02-28,0,0,0,0,0,0,0
JD_12726855,2021-02-28,0,0,0,0,0,0,0
JD_12726836,2021-02-28,0,0,0,0,0,0,0
JD_12726832,2021-02-28,0,0,0,0,0,0,0
JD_12726821,2021-02-28,0,0,0,0,0,0,0
JD_12726819,2021-02-28,0,0,0,0,0,0,0
JD_12726805,2021-02-28,0,0,0,0,0,0,0
JD_12726788,2021-02-28,0,0,0,0,0,0,0
JD_12726749,2021-02-28,0,0,0,0,0,0,0
JD_12726725,2021-02-28,0,0,0,0,0,0,0
JD_12726722,2021-02-28,0,0,0,0,0,0,0
JD_12726719,2021-02-28,0,0,0,0,0,0,0
JD_12726715,2021-02-28,0,0,0,0,0,0,0
JD_12726714,2021-02-28,0,0,0,0,0,0,0
JD_12726695,2021-02-28,0,0,0,0,0,0,0
JD_12726693,2021-02-28,0,0,0,0,0,0,0
JD_12726677,2021-02-28,0,0,0,0,0,0,0
JD_12726675,2021-02-28,0,0,0,0,0,0,0
JD_12726673,2021-02-28,0,0,0,0,0,0,0
JD_12726631,2021-02-28,0,0,0,0,0,0,0
JD_12726626,2021-02-28,0,0,0,0,0,0,0
JD_12726599,2021-02-28,0,0,0,0,0,0,0
JD_12726595,2021-02-28,0,0,0,0,0,0,0
JD_12726569,2021-02-28,0,0,0,0,0,0,0
JD_12726565,2021-02-28,0,0,0,0,0,0,0
JD_12726563,2021-02-28,0,0,0,0,0,0,0
JD_12726561,2021-02-28,0,0,0,0,0,0,0
JD_12726555,2021-02-28,0,0,0,0,0,0,0
JD_12726549,2021-02-28,0,0,0,0,0,0,0
JD_12726547,2021-02-28,0,0,0,0,0,0,0
JD_12726539,2021-02-28,0,0,0,0,0,0,0
JD_12726533,2021-02-28,0,0,0,0,0,0,0
JD_12726531,2021-02-28,0,0,0,0,0,0,0
JD_12726527,2021-02-28,0,0,0,0,0,0,0
